lnLs	nparams	d	e	j	x	t12	t21	m2
trait-only, 2-rates	-33.0453154912598	2	0	0	0	0	0.00524935297545259	0.00553582787347706	1
DEC	-311.58043436883	2	0.00812519075925573	0.00511943876576308	0	0	NA	NA	NA
DEC+J	-306.645548235535	3	0.00329310013287434	0.000904445113819846	0.0221871382012435	0	NA	NA	NA
DEC+traits	-349.86149149535	5	0.00847337659973705	0.00536912884567824	0	0	0.00530315588305254	0.00543439495935137	0.932155047981095
DEC+J+traits	-339.626609890986	6	0.00331113994006212	0.000904487331558666	0.0223780679909488	0	0.00524349797851877	0.00554288368580819	0.98674313493586
DEC+x	-311.58043436883	3	0.013628904933676	0.00506868794024345	0	-0.168491036633881	NA	NA	NA
DEC+J+x	-291.901314208257	4	0.0146099295401816	0.00140540864322145	0.0833529544286459	-0.432316248723189	NA	NA	NA
DEC+x+traits	-331.460832136289	6	0.266229010862327	0.00562732159491603	0	-1.13630920993122	0.00523382735558904	0.00540423265600264	0.990505069618156
DEC+J+x+traits	-314.350315580804	7	0.0835773182487581	0.000293359168457555	0.604548158045552	-1.00473310050131	0.00444596686235646	0.00599844220116977	0.49080345668713
